 Diffraction intensities for potential:pot10001.in                             
 Required number of z grid points, m =          550
 Number of diffraction channels, n =         163
# Diffraction Probabilities at:
# ------------------------------------
 # Beam energy           ei = 0.6400E+02
 # Polar angle        theta =   0.000000E+00  0.000000E+00
#     -5    -4          0.387853E-05
#     -5    -3          0.159624E-04
#     -5    -2          0.159624E-04
#     -5    -1          0.387853E-05
#     -4    -5          0.387852E-05
#     -4    -4          0.206956E-03
#     -4    -3          0.105091E-02
#     -4    -2          0.168768E-02
#     -4    -1          0.105091E-02
#     -4     0          0.206956E-03
#     -4     1          0.387852E-05
#     -3    -5          0.159624E-04
#     -3    -4          0.105091E-02
#     -3    -3          0.101412E-01
#     -3    -2          0.156765E-01
#     -3    -1          0.156765E-01
#     -3     0          0.101412E-01
#     -3     1          0.105091E-02
#     -3     2          0.159624E-04
#     -2    -5          0.159624E-04
#     -2    -4          0.168767E-02
#     -2    -3          0.156765E-01
#     -2    -2          0.403013E-01
#     -2    -1          0.355410E-01
#     -2     0          0.403013E-01
#     -2     1          0.156765E-01
#     -2     2          0.168767E-02
#     -2     3          0.159624E-04
#     -1    -5          0.387852E-05
#     -1    -4          0.105091E-02
#     -1    -3          0.156765E-01
#     -1    -2          0.355410E-01
#     -1    -1          0.138060E-01
#     -1     0          0.138060E-01
#     -1     1          0.355410E-01
#     -1     2          0.156765E-01
#     -1     3          0.105091E-02
#     -1     4          0.387852E-05
#      0    -4          0.206956E-03
#      0    -3          0.101412E-01
#      0    -2          0.403013E-01
#      0    -1          0.138060E-01
#      0     0          0.188928E+00
#      0     1          0.138060E-01
#      0     2          0.403013E-01
#      0     3          0.101412E-01
#      0     4          0.206956E-03
#      1    -4          0.387852E-05
#      1    -3          0.105091E-02
#      1    -2          0.156765E-01
#      1    -1          0.355410E-01
#      1     0          0.138060E-01
#      1     1          0.138060E-01
#      1     2          0.355410E-01
#      1     3          0.156765E-01
#      1     4          0.105091E-02
#      1     5          0.387852E-05
#      2    -3          0.159624E-04
#      2    -2          0.168767E-02
#      2    -1          0.156765E-01
#      2     0          0.403013E-01
#      2     1          0.355410E-01
#      2     2          0.403013E-01
#      2     3          0.156765E-01
#      2     4          0.168767E-02
#      2     5          0.159624E-04
#      3    -2          0.159624E-04
#      3    -1          0.105091E-02
#      3     0          0.101412E-01
#      3     1          0.156765E-01
#      3     2          0.156765E-01
#      3     3          0.101412E-01
#      3     4          0.105091E-02
#      3     5          0.159624E-04
#      4    -1          0.387852E-05
#      4     0          0.206956E-03
#      4     1          0.105091E-02
#      4     2          0.168767E-02
#      4     3          0.105091E-02
#      4     4          0.206956E-03
#      4     5          0.387852E-05
#      5     1          0.387853E-05
#      5     2          0.159624E-04
#      5     3          0.159624E-04
#      5     4          0.387853E-05
